44
46
47
49
50
52
54
55
111
112
113
118
119
120
121
124
177
178
179
180
182
184
185
187
188
189
190
245
246
248
249
253
254
255
256
281
283
285
286
287
288
289
291
292
293
298
299
301
306
311
314
315
318
319
321
322
323
326
347
348
349
350
351
353
354
355
356
357
358
359
362
363
364
365
366
367
380
381
382
383
384
385
386
387
388
415
416
417
419
420
422
423
425
427
428
438
445
449
450
451
453
479
480
481
482
484
488
493
498
499
505
511
512
513
517
518
519
539
540
544
545
546
547
550
551
553
554
558
559
561
564
571
572
577
578
579
580
584
585
590
591
592
593
594
603
604
605
606
607
608
609
611
613
614
615
616
617
619
624
629
630
637
638
639
641
642
643
644
645
646
647
648
650
654
656
657
658
659
660
670
673
674
675
676
679
680
683
685
687
692
695
696
705
706
708
709
710
711
712
713
715
716
717
719
720
722
723
724
725
736
737
738
741
742
743
744
745
746
748
749
750
751
752
755
756
757
758
759
760
761
773
776
777
779
780
783
787
788
789
790
791
792
801
802
803
804
805
807
808
809
811
812
813
814
815
817
818
819
820
822
823
825
827
841
842
844
845
846
848
849
852
853
855
857
871
873
874
875
876
877
878
879
880
881
882
883
884
885
886
887
892
893
908
909
910
911
912
913
916
917
918
920
924
934
935
936
937
939
940
941
942
943
944
948
949
951
952
953
954
957
958
973
975
976
977
979
980
981
982
983
985
986
987
988
989
990
1003
1006
1007
1009
1010
1011
1012
1014
1015
1016
1017
1020
1021
1036
1037
1038
1039
1040
1042
1043
1044
1045
1069
1070
1071
1072
1073
1074
1075
1077
1078
1079
1080
1082
1083
1085
1086
1088
1090
1091
1100
1101
1102
1103
1105
1107
1110
1111
1140
1141
1143
1145
1146
1147
1148
1149
1150
1151
1153
1155
1166
1168
1169
1171
1172
1173
1174
1175
1176
1177
1179
1180
1205
1206
1207
1209
1212
1214
1215
1219
1220
1221
1222
1224
1232
1233
1234
1235
1236
1237
1238
1239
1240
1241
1242
1243
1244
1245
1272
1273
1275
1276
1277
1278
1279
1280
1281
1282
1283
1286
1290
1291
1300
1302
1303
1304
1305
1306
1307
1308
1333
1336
1338
1340
1342
1343
1344
1345
1346
1347
1349
1351
1352
1357
1361
1366
1369
1370
1371
1372
1373
1374
1399
1400
1401
1402
1403
1404
1405
1406
1407
1408
1409
1410
1412
1413
1414
1415
1416
1417
1418
1419
1431
1432
1435
1439
1465
1467
1469
1471
1472
1473
1475
1476
1477
1478
1480
1481
1482
1483
1484
1485
1486
1487
1494
1497
1500
1502
1503
1531
1532
1533
1535
1536
1537
1539
1540
1543
1545
1546
1547
1548
1549
1550
1551
1552
1554
1558
1559
1560
1563
1564
1565
1566
1567
1570
1597
1598
1602
1603
1605
1607
1609
1610
1611
1612
1613
1615
1616
1617
1618
1619
1620
1621
1624
1625
1626
1628
1629
1630
1632
1633
1634
1635
1637
1663
1664
1668
1669
1670
1671
1673
1675
1676
1677
1678
1679
1680
1683
1684
1685
1686
1688
1689
1690
1691
1693
1694
1695
1697
1699
1700
1701
1702
1730
1733
1734
1735
1736
1737
1739
1740
1742
1743
1744
1745
1746
1747
1748
1751
1752
1755
1756
1759
1762
1764
1766
1799
1800
1801
1806
1808
1809
1810
1811
1812
1813
1817
1818
1820
1821
1823
1826
1827
1830
1831
1833
1834
1870
1872
1873
1875
1876
1877
1880
1881
1882
1883
1884
1886
1887
1892
1893
1894
1898
1899
1900
1901
1902
1932
1936
1937
1938
1941
1942
1943
1946
1947
1948
1951
1953
1954
1955
1957
1958
1959
1963
1965
1966
1968
1997
1998
2003
2005
2006
2013
2014
2018
2019
2020
2021
2022
2023
2024
2025
2026
2027
2029
2063
2068
2072
2073
2074
2075
2076
2077
2078
2079
2080
2081
2084
2085
2086
2087
2088
2089
2090
2091
2092
2093
2094
2095
2096
2097
2098
2099
2125
2126
2127
2128
2133
2134
2135
2136
2138
2139
2140
2141
2143
2148
2151
2152
2153
2158
2159
2161
2162
2164
2165
2166
2191
2192
2194
2202
2204
2205
2207
2208
2210
2211
2213
2214
2216
2218
2219
2220
2221
2222
2223
2225
2226
2227
2228
2229
2230
2231
2232
2257
2258
2259
2260
2261
2265
2266
2267
2269
2270
2271
2272
2273
2274
2280
2282
2283
2286
2287
2294
2296
2323
2325
2327
2330
2331
2332
2334
2335
2336
2337
2338
2342
2345
2347
2348
2349
2350
2360
2361
2362
2364
2388
2390
2391
2393
2394
2395
2396
2397
2399
2403
2404
2405
2406
2407
2408
2409
2410
2411
2413
2427
2428
2430
2431
2432
2433
2434
2451
2455
2456
2457
2458
2460
2464
2466
2468
2469
2470
2471
2472
2473
2476
2477
2478
2479
2480
2481
2482
2485
2497
2500
2522
2523
2529
2530
2531
2532
2535
2536
2537
2538
2539
2540
2541
2544
2545
2547
2548
2549
2551
2587
2588
2589
2590
2591
2595
2597
2598
2600
2602
2603
2605
2606
2608
2609
2610
2611
2612
2613
2614
2615
2654
2655
2656
2657
2660
2661
2662
2663
2664
2666
2668
2669
2670
2672
2673
2674
2675
2676
2677
2678
2719
2720
2721
2722
2723
2725
2726
2728
2729
2731
2733
2734
2735
2736
2738
2741
2743
2785
2786
2787
2788
2792
2795
2796
2797
2798
2802
2803
2809
2839
2852
2853
2854
2856
2857
2858
2861
2862
2869
2870
2871
2872
2875
2906
2917
2918
2919
2920
2921
2922
2924
2927
2936
2937
2938
2939
2940
2972
2975
2985
2986
2994
3001
3004
3005
3007
3016
3017
3041
3053
3059
3060
3066
3067
3068
3069
3071
3072
3073
3082
3107
3108
3119
3120
3122
3125
3126
3127
3130
3132
3133
3134
3135
3136
3137
3138
3184
3191
3193
3194
3195
3196
3197
3198
3199
3200
3205
3251
3252
3253
3254
3255
3260
3261
3263
3264
3265
3267
3319
3320
3321
3322
3323
3325
3326
3327
3328
3329
3333
3334
3335
3382
3384
3385
3386
3388
3389
3390
3391
3393
3394
3396
3397
3398
3399
3400
3401
3411
3442
3443
3447
3448
3449
3450
3452
3453
3454
3456
3459
3460
3461
3464
3465
3466
3477
3478
3508
3509
3511
3512
3513
3514
3515
3516
3518
3519
3520
3521
3522
3523
3524
3525
3527
3528
3530
3531
3542
3577
3579
3580
3582
3583
3585
3587
3588
3590
3593
3595
3599
3600
3608
3609
3641
3642
3644
3645
3647
3648
3649
3651
3652
3654
3655
3656
3657
3659
3660
3676
3707
3708
3709
3710
3711
3712
3713
3717
3718
3720
3721
3722
3723
3725
3741
3742
3774
3775
3776
3777
3781
3785
3789
3790
3791
3792
3807
3808
3837
3838
3839
3840
3841
3843
3844
3846
3850
3851
3852
3853
3854
3855
3857
3858
3903
3904
3907
3908
3910
3912
3915
3916
3918
3920
3922
3923
3940
3961
3970
3972
3976
3978
3979
3980
3981
3982
3984
3985
3986
3987
3988
4006
4027
4028
4039
4042
4043
4044
4045
4048
4049
4051
4052
4068
4103
4104
4108
4109
4111
4113
4114
4115
4116
4117
4118
4164
4165
4175
4176
4177
4178
4179
4180
4181
4182
4183
4184
4195
4196
4197
4198
4203
4231
4243
4244
4245
4262
4264
4265
4269
4270
4306
4308
4310
4311
4325
4327
4329
4330
4369
4370
4371
4373
4374
4375
4377
4391
4392
4393
4394
4435
4437
4439
4440
4442
4444
4460
4461
4506
4507
4508
4509
4510
4528
4571
4573
4574
4636
4637
4640
4641
4642
4643
4645
4702
4703
4705
4707
4708
4709
4710
4711
4768
4769
4770
4771
4773
4776
4834
4839
4843
4900
4902
4904
4905
4906
4922
4964
4965
4967
4968
4969
4971
4974
4975
4980
4988
5030
5032
5034
5035
5036
5037
5038
5040
5041
5042
5046
5047
5096
5098
5099
5100
5105
5107
5108
5165
5166
5167
5168
5169
5170
5171
5172
5190
5231
5232
5233
5234
5235
5236
5237
5239
5298
5300
5301
5302
5303
5304
5363
5364
5365
5366
5371
5372
5373
5374
5429
5430
5432
5433
5434
5495
5497
5498
5500
5502
5503
5517
5561
5562
5563
5564
5565
5568
5583
5631
5640
5702
5703
5707
5768
5769
5834
5835
5838
5900
5901
5905
5906
5970
5971
6036
6037
6098
6105
6106
6107